[gd_scene load_steps=5 format=3 uid="uid://r74d5i57cb1n"]

[ext_resource type="Script" path="res://scripts/wheel.gd" id="1_bmt5t"]
[ext_resource type="Material" uid="uid://bi8hbvywy2drk" path="res://assets/materials/black.tres" id="2_j1lq3"]

[sub_resource type="CylinderMesh" id="CylinderMesh_nqe5f"]
material = ExtResource("2_j1lq3")
top_radius = 0.15
bottom_radius = 0.15
height = 0.1

[sub_resource type="BoxMesh" id="BoxMesh_ggmlm"]
size = Vector3(0.01, 0.01, 0.25)

[node name="Wheel" type="RayCast3D"]
process_physics_priority = -5
target_position = Vector3(0, -0.3, 0)
hit_from_inside = true
script = ExtResource("1_bmt5t")

[node name="MeshInstance3D" type="MeshInstance3D" parent="."]
transform = Transform3D(-4.37114e-08, 1, 0, -1, -4.37114e-08, 0, 0, 0, 1, 0, -0.153386, 0)
mesh = SubResource("CylinderMesh_nqe5f")
skeleton = NodePath("")

[node name="MeshInstance3D2" type="MeshInstance3D" parent="MeshInstance3D"]
transform = Transform3D(-1, -8.74228e-08, 0, 8.74228e-08, -1, 0, 0, 0, 1, 0.000285089, 0.0565627, 0.000297099)
mesh = SubResource("BoxMesh_ggmlm")
skeleton = NodePath("")

[node name="MeshInstance3D3" type="MeshInstance3D" parent="MeshInstance3D"]
transform = Transform3D(4.37114e-08, 4.37114e-08, -1, 1.31134e-07, -1, -4.37114e-08, -1, -1.31134e-07, -4.37114e-08, 0.000285089, 0.0565627, 0.000297099)
mesh = SubResource("BoxMesh_ggmlm")
skeleton = NodePath("")

[node name="MeshInstance3D4" type="MeshInstance3D" parent="MeshInstance3D"]
transform = Transform3D(0.707107, 1.36437e-07, -0.707107, 1.62043e-07, -1, -3.09086e-08, -0.707107, -9.27259e-08, -0.707107, 0.000285089, 0.0565627, 0.000297099)
mesh = SubResource("BoxMesh_ggmlm")
skeleton = NodePath("")

[node name="MeshInstance3D5" type="MeshInstance3D" parent="MeshInstance3D"]
transform = Transform3D(0.707107, 1.36437e-07, 0.707107, 1.62043e-07, -1, 3.09086e-08, 0.707107, 9.27258e-08, -0.707107, 0.000285089, 0.0565627, 0.000297099)
mesh = SubResource("BoxMesh_ggmlm")
skeleton = NodePath("")

[node name="MeshInstance3D6" type="MeshInstance3D" parent="MeshInstance3D"]
transform = Transform3D(-0.92434, -1.33207e-07, -0.381571, 1.50996e-07, -1, -1.6679e-08, -0.381571, -7.30326e-08, 0.92434, 0.000285089, 0.0565627, 0.000297099)
mesh = SubResource("BoxMesh_ggmlm")
skeleton = NodePath("")

[node name="MeshInstance3D7" type="MeshInstance3D" parent="MeshInstance3D"]
transform = Transform3D(0.381571, 9.49627e-08, -0.92434, 1.50996e-07, -1, -4.04042e-08, -0.92434, -1.24154e-07, -0.381571, 0.000285089, 0.0565627, 0.000297099)
mesh = SubResource("BoxMesh_ggmlm")
skeleton = NodePath("")

[node name="MeshInstance3D8" type="MeshInstance3D" parent="MeshInstance3D"]
transform = Transform3D(0.923418, 1.45871e-07, -0.383796, 1.50996e-07, -1, -1.67762e-08, -0.383796, -4.24601e-08, -0.923418, 0.000285089, 0.0565627, 0.000297099)
mesh = SubResource("BoxMesh_ggmlm")
skeleton = NodePath("")

[node name="MeshInstance3D9" type="MeshInstance3D" parent="MeshInstance3D"]
transform = Transform3D(0.383796, 9.52243e-08, 0.923418, 1.50996e-07, -1, 4.03639e-08, 0.923418, 1.23941e-07, -0.383796, 0.000285089, 0.0565627, 0.000297099)
mesh = SubResource("BoxMesh_ggmlm")
skeleton = NodePath("")

[node name="MeshInstance3D10" type="MeshInstance3D" parent="MeshInstance3D"]
transform = Transform3D(-1, -8.74228e-08, 0, 8.74228e-08, -1, 0, 0, 0, 1, 0.000285089, -0.0537662, 0.000297099)
mesh = SubResource("BoxMesh_ggmlm")
skeleton = NodePath("")

[node name="MeshInstance3D11" type="MeshInstance3D" parent="MeshInstance3D"]
transform = Transform3D(4.37114e-08, 4.37114e-08, -1, 1.31134e-07, -1, -4.37114e-08, -1, -1.31134e-07, -4.37114e-08, 0.000285089, -0.0537662, 0.000297099)
mesh = SubResource("BoxMesh_ggmlm")
skeleton = NodePath("")

[node name="MeshInstance3D12" type="MeshInstance3D" parent="MeshInstance3D"]
transform = Transform3D(0.707107, 1.36437e-07, -0.707107, 1.62043e-07, -1, -3.09086e-08, -0.707107, -9.27259e-08, -0.707107, 0.000285089, -0.0537662, 0.000297099)
mesh = SubResource("BoxMesh_ggmlm")
skeleton = NodePath("")

[node name="MeshInstance3D13" type="MeshInstance3D" parent="MeshInstance3D"]
transform = Transform3D(0.707107, 1.36437e-07, 0.707107, 1.62043e-07, -1, 3.09086e-08, 0.707107, 9.27258e-08, -0.707107, 0.000285089, -0.0537662, 0.000297099)
mesh = SubResource("BoxMesh_ggmlm")
skeleton = NodePath("")

[node name="MeshInstance3D14" type="MeshInstance3D" parent="MeshInstance3D"]
transform = Transform3D(-0.92434, -1.33207e-07, -0.381571, 1.50996e-07, -1, -1.6679e-08, -0.381571, -7.30326e-08, 0.92434, 0.000285089, -0.0537662, 0.000297099)
mesh = SubResource("BoxMesh_ggmlm")
skeleton = NodePath("")

[node name="MeshInstance3D15" type="MeshInstance3D" parent="MeshInstance3D"]
transform = Transform3D(0.381571, 9.49627e-08, -0.92434, 1.50996e-07, -1, -4.04042e-08, -0.92434, -1.24154e-07, -0.381571, 0.000285089, -0.0537662, 0.000297099)
mesh = SubResource("BoxMesh_ggmlm")
skeleton = NodePath("")

[node name="MeshInstance3D16" type="MeshInstance3D" parent="MeshInstance3D"]
transform = Transform3D(0.923418, 1.45871e-07, -0.383796, 1.50996e-07, -1, -1.67762e-08, -0.383796, -4.24601e-08, -0.923418, 0.000285089, -0.0537662, 0.000297099)
mesh = SubResource("BoxMesh_ggmlm")
skeleton = NodePath("")

[node name="MeshInstance3D17" type="MeshInstance3D" parent="MeshInstance3D"]
transform = Transform3D(0.383796, 9.52243e-08, 0.923418, 1.50996e-07, -1, 4.03639e-08, 0.923418, 1.23941e-07, -0.383796, 0.000285089, -0.0537662, 0.000297099)
mesh = SubResource("BoxMesh_ggmlm")
skeleton = NodePath("")
