[gd_scene load_steps=9 format=3 uid="uid://ddnfxdwey10ch"]

[ext_resource type="Material" uid="uid://jktjpcojupxg" path="res://assets/materials/orange.tres" id="1_fgs8g"]
[ext_resource type="PackedScene" uid="uid://cgwiimdjoosvg" path="res://scenes/car.tscn" id="2_bheb7"]
[ext_resource type="Script" uid="uid://c0unomkrwegpp" path="res://scripts/car_camera.gd" id="3_bin0m"]

[sub_resource type="ProceduralSkyMaterial" id="ProceduralSkyMaterial_jabow"]
sky_horizon_color = Color(0.64625, 0.65575, 0.67075, 1)
ground_horizon_color = Color(0.64625, 0.65575, 0.67075, 1)

[sub_resource type="Sky" id="Sky_2q0xu"]
sky_material = SubResource("ProceduralSkyMaterial_jabow")

[sub_resource type="Environment" id="Environment_awbtl"]
background_mode = 2
sky = SubResource("Sky_2q0xu")
tonemap_mode = 2
glow_enabled = true

[sub_resource type="SphereShape3D" id="SphereShape3D_7nwmj"]

[sub_resource type="SphereMesh" id="SphereMesh_p47hl"]

[node name="Level1" type="Node3D"]

[node name="WorldEnvironment" type="WorldEnvironment" parent="."]
environment = SubResource("Environment_awbtl")

[node name="DirectionalLight3D" type="DirectionalLight3D" parent="."]
transform = Transform3D(-0.866025, -0.433013, 0.25, 0, 0.5, 0.866025, -0.5, 0.75, -0.433013, 0, 0, 0)
shadow_enabled = true

[node name="CSGBox3D" type="CSGBox3D" parent="."]
transform = Transform3D(1, 0, 0, 0, 1, 0, 0, 0, 1, 0, -0.512451, 0)
material_override = ExtResource("1_fgs8g")
use_collision = true
size = Vector3(1000, 2.0249, 1000)

[node name="Car" parent="." instance=ExtResource("2_bheb7")]
transform = Transform3D(1, 0, 0, 0, 1, 0, 0, 0, 1, 0, 2.49202, 0)

[node name="RigidBody3D" type="RigidBody3D" parent="."]
transform = Transform3D(1, 0, 0, 0, 1, 0, 0, 0, 1, 0, 4.05547, 4.20814)
mass = 0.459

[node name="CollisionShape3D" type="CollisionShape3D" parent="RigidBody3D"]
shape = SubResource("SphereShape3D_7nwmj")

[node name="MeshInstance3D" type="MeshInstance3D" parent="RigidBody3D"]
mesh = SubResource("SphereMesh_p47hl")
skeleton = NodePath("../CollisionShape3D")

[node name="Camera3D" type="Camera3D" parent="." node_paths=PackedStringArray("car")]
transform = Transform3D(-3.5512e-08, 0.583073, -0.812419, 2.54869e-08, 0.812419, 0.583073, 1, 0, -4.37114e-08, -4.7289, 5.00995, 0)
current = true
script = ExtResource("3_bin0m")
car = NodePath("../Car")

[node name="CSGCylinder3D" type="CSGCylinder3D" parent="."]
transform = Transform3D(-4.37114e-08, -1, 0, 1, -4.37114e-08, 0, 0, 0, 1, 0, 0.142904, 4.71495)
use_collision = true
material = ExtResource("1_fgs8g")

[node name="CSGCylinder3D2" type="CSGCylinder3D" parent="."]
transform = Transform3D(-0.400141, -0.712721, -0.576121, 0.916454, -0.311188, -0.251545, -2.74788e-08, -0.628642, 0.777695, 0.836191, 0.361147, 4.71495)
use_collision = true
material = ExtResource("1_fgs8g")

[node name="CSGCylinder3D3" type="CSGCylinder3D" parent="."]
transform = Transform3D(0.122746, -0.900872, 0.416369, 0.920102, -0.0539368, -0.387948, 0.371949, 0.430721, 0.822273, -1.71516, 0.151666, 5.1777)
use_collision = true
material = ExtResource("1_fgs8g")

[node name="CSGBox3D2" type="CSGBox3D" parent="."]
transform = Transform3D(1, 0, 0, 0, 1, 0, 0, 0, 1, 1.9243, 0.278114, 6.36213)
use_collision = true
size = Vector3(2.47412, 0.617249, 6.28503)
material = ExtResource("1_fgs8g")

[node name="CSGBox3D3" type="CSGBox3D" parent="."]
transform = Transform3D(1, 0, 0, 0, 1, 0, 0, 0, 1, -3.86406, 0.365096, 5.47048)
use_collision = true
size = Vector3(2.47412, 0.791214, 6.28503)
material = ExtResource("1_fgs8g")

[node name="CSGBox3D7" type="CSGBox3D" parent="."]
transform = Transform3D(1, 0, 0, 0, 1, 0, 0, 0, 1, -1.12883, 1.00671, 16.4401)
use_collision = true
size = Vector3(2.47412, 2.07444, 5.8139)
material = ExtResource("1_fgs8g")

[node name="CSGBox3D9" type="CSGBox3D" parent="."]
transform = Transform3D(-4.37114e-08, 0, 1, 0, 1, 0, -1, 0, -4.37114e-08, 1.81536, 1.00671, 19.0964)
use_collision = true
size = Vector3(2.47412, 2.07444, 6.28503)
material = ExtResource("1_fgs8g")

[node name="CSGBox3D10" type="CSGBox3D" parent="."]
transform = Transform3D(-4.37114e-08, 0, 1, 0, 1, 0, -1, 0, -4.37114e-08, -1.07201, 1.0438, 19.0667)
use_collision = true
size = Vector3(4.03027, 2.14861, 4.35345)
material = ExtResource("1_fgs8g")

[node name="CSGBox3D11" type="CSGBox3D" parent="."]
transform = Transform3D(-4.37114e-08, 0, 1, 0, 1, 0, -1, 0, -4.37114e-08, -1.07201, 1.55638, 22.4042)
use_collision = true
size = Vector3(4.03027, 3.85995, 4.35345)
material = ExtResource("1_fgs8g")

[node name="CSGBox3D12" type="CSGBox3D" parent="."]
transform = Transform3D(-0.358971, 0, 0.933349, 0, 1, 0, -0.933349, 0, -0.358971, 9.3634, 1.55638, 14.0179)
use_collision = true
size = Vector3(9.23181, 3.85995, 4.10922)
material = ExtResource("1_fgs8g")

[node name="CSGBox3D13" type="CSGBox3D" parent="."]
transform = Transform3D(-0.85212, 0, -0.523347, 0, 1, 0, 0.523347, 0, -0.85212, 5.61372, 2.99695, 12.4894)
use_collision = true
size = Vector3(8.85419, 0.978804, 1.46281)
material = ExtResource("1_fgs8g")

[node name="CSGBox3D15" type="CSGBox3D" parent="."]
transform = Transform3D(-0.85212, 0, -0.523347, 0, 1, 0, 0.523347, 0, -0.85212, 2.42375, -0.0226665, 14.4357)
use_collision = true
size = Vector3(0.968109, 5.41096, 1.18746)
material = ExtResource("1_fgs8g")

[node name="CSGBox3D14" type="CSGBox3D" parent="."]
transform = Transform3D(-0.424816, 0, -0.90528, 0, 1, 0, 0.90528, 0, -0.424816, 0.652411, 3.3172, 18.4387)
use_collision = true
size = Vector3(8.85419, 0.338301, 1.0269)
material = ExtResource("1_fgs8g")

[node name="CSGBox3D5" type="CSGBox3D" parent="."]
transform = Transform3D(1, 0, 0, 0, 1, 0, 0, 0, 1, -2.14829, 0.166737, 4.83853)
use_collision = true
size = Vector3(2.47412, 0.791214, 2.21429)
material = ExtResource("1_fgs8g")

[node name="CSGBox3D6" type="CSGBox3D" parent="."]
transform = Transform3D(1, 0, 0, 0, 0.890078, 0.455809, 0, -0.455809, 0.890078, -1.22201, 0.957879, 10.1955)
use_collision = true
size = Vector3(2.47412, 0.791214, 3.54074)
material = ExtResource("1_fgs8g")

[node name="CSGBox3D8" type="CSGBox3D" parent="."]
transform = Transform3D(-0.283597, -0.437095, 0.853535, 0, 0.890078, 0.455809, -0.958944, 0.129266, -0.252423, 5.60967, 2.32741, 18.6865)
use_collision = true
size = Vector3(2.47412, 0.791214, 3.54074)
material = ExtResource("1_fgs8g")

[node name="CSGBox3D4" type="CSGBox3D" parent="."]
transform = Transform3D(1, 0, 0, 0, 1, 0, 0, 0, 1, -0.938568, 0.322212, 7.56004)
use_collision = true
size = Vector3(3.78601, 0.705444, 4.05743)
material = ExtResource("1_fgs8g")
