[gd_scene load_steps=3 format=3 uid="uid://b3cgv06j0j3cm"]

[ext_resource type="Material" uid="uid://balyu5odtm18w" path="res://materials/road.tres" id="1_vxsgq"]
[ext_resource type="Material" uid="uid://m5cc3au4v836" path="res://materials/stone.tres" id="2_us10c"]

[node name="RoadJump" type="Node3D"]

[node name="CSGBox3D" type="CSGBox3D" parent="."]
transform = Transform3D(1, 0, 0, 0, 1, 0, 0, 0, 1, 0, 0, 0.125)
material_override = ExtResource("1_vxsgq")
use_collision = true
size = Vector3(4, 0.1, 0.25)

[node name="CSGBox3D3" type="CSGBox3D" parent="."]
transform = Transform3D(1, 0, 0, 0, 0.898794, 0.438371, 0, -0.438371, 0.898794, -1.75, 0.591787, 1.02034)
material_override = ExtResource("2_us10c")
use_collision = true
size = Vector3(0.5, 0.1, 2.21826)

[node name="CSGBox3D7" type="CSGBox3D" parent="."]
transform = Transform3D(1, 0, 0, 0, 0.898794, 0.438371, 0, -0.438371, 0.898794, 1.75, 0.591787, 1.02034)
material_override = ExtResource("2_us10c")
use_collision = true
size = Vector3(0.5, 0.1, 2.21826)

[node name="CSGBox3D6" type="CSGBox3D" parent="."]
transform = Transform3D(1, 0, 0, 0, 0.898794, 0.438371, 0, -0.438371, 0.898794, 0, 0.492, 1.02)
material_override = ExtResource("1_vxsgq")
use_collision = true
size = Vector3(3, 0.1, 2.21826)

[node name="CSGBox3D4" type="CSGBox3D" parent="."]
transform = Transform3D(1, 0, 0, 0, 1, 0, 0, 0, 1, 1.75, 0.1, 0.125)
material_override = ExtResource("2_us10c")
use_collision = true
size = Vector3(0.5, 0.1, 0.25)

[node name="CSGBox3D5" type="CSGBox3D" parent="."]
transform = Transform3D(1, 0, 0, 0, 1, 0, 0, 0, 1, -1.75, 0.1, 0.125)
material_override = ExtResource("2_us10c")
use_collision = true
size = Vector3(0.5, 0.1, 0.25)
