[gd_scene load_steps=3 format=3 uid="uid://dse2xqrkovcdq"]

[ext_resource type="Material" uid="uid://dca0cas1ywy1i" path="res://materials/wood.tres" id="1_vqhdr"]
[ext_resource type="Material" uid="uid://eop0k4bj7mex" path="res://materials/leaves.tres" id="2_77816"]

[node name="TreeOak" type="Node3D"]

[node name="CSGCylinder3D" type="CSGCylinder3D" parent="."]
transform = Transform3D(1, 0, 0, 0, 1, 0, 0, 0, 1, 0, 0.494751, 0)
material_override = ExtResource("1_vqhdr")
use_collision = true
radius = 0.25
height = 0.989502

[node name="CSGCylinder3D2" type="CSGCylinder3D" parent="."]
transform = Transform3D(0.943014, -0.332754, 0, 0.332754, 0.943014, 0, 0, 0, 1, -0.0942817, 1.29938, 0)
material_override = ExtResource("1_vqhdr")
radius = 0.199
height = 0.833069

[node name="CSGCylinder3D3" type="CSGCylinder3D" parent="."]
transform = Transform3D(0.430843, 0.71761, 0.547183, -0.857347, 0.514739, 0, -0.281657, -0.469126, 0.837013, 0.153689, 1.68182, -0.350412)
material_override = ExtResource("1_vqhdr")
radius = 0.085
height = 0.833069

[node name="CSGCylinder3D5" type="CSGCylinder3D" parent="."]
transform = Transform3D(-0.0289756, -0.0482617, 0.998414, -0.857347, 0.514739, -3.83488e-09, -0.513923, -0.855988, -0.0562919, 0.0633569, 1.77216, -0.548774)
material_override = ExtResource("1_vqhdr")
radius = 0.046
height = 0.656281

[node name="CSGCylinder3D4" type="CSGCylinder3D" parent="."]
transform = Transform3D(-0.687193, -0.673412, 0.272547, -0.682012, 0.727246, 0.0772819, -0.250251, -0.132773, -0.959034, 0.0471954, 3.09501, 0.100229)
material_override = ExtResource("1_vqhdr")
radius = 0.085
height = 0.833069

[node name="CSGSphere3D" type="CSGSphere3D" parent="."]
transform = Transform3D(1, 0, 0, 0, 1, 0, 0, 0, 1, -0.43434, 1.82843, 0.214286)
material_override = ExtResource("2_77816")
radius = 0.75

[node name="CSGSphere3D2" type="CSGSphere3D" parent="."]
transform = Transform3D(1, 0, 0, 0, 1, 0, 0, 0, 1, 0.361352, 2.41548, -0.231582)
material_override = ExtResource("2_77816")
radius = 0.75

[node name="CSGSphere3D3" type="CSGSphere3D" parent="."]
transform = Transform3D(0.999658, 0.0261421, 0, -0.0261421, 0.999658, 0, 0, 0, 1, -0.288878, 3.40188, -0.0981749)
material_override = ExtResource("2_77816")
radius = 0.4
radial_segments = 10

[node name="CSGSphere3D4" type="CSGSphere3D" parent="."]
transform = Transform3D(0.999658, 0.0261421, 0, -0.0261421, 0.999658, 0, 0, 0, 1, 0.470798, 1.61284, 0.5204)
material_override = ExtResource("2_77816")
radius = 0.4
radial_segments = 10
